0 -52326.3
1 -69307.6
2 -81041.3
3 -83090.2
4 -88057.7
5 -94370.8
6 -76823
7 -53438
8 -42703.2
9 -41887.3
10 -47833.6
11 -55513.3
12 -55511.5
13 -47829.4
14 -41965.1
15 -43147.1
16 -56248.5
17 -97018
18 -199820
19 -233837
20 -110068
21 -48289.4
22 -26752.2
23 -20148.9
24 -21046.6
25 -28744.5
26 -45493.9
27 -66154.3
28 -63222.3
29 -47238.6
30 -41167.5
31 -47408.8
32 -65564.5
33 -80111.4
34 -77943.6
35 -96383.9
36 875913
37 45532
38 21402.4
39 13953.3
40 10533.8
41 9607.18
42 11568.8
43 17960
44 36916.5
45 167978
46 -196073
47 -137937
48 -180748
49 -216923
50 -153124
51 -93236.2
52 -71578.6
53 -92477.5
54 301635
55 34371.5
56 15465.1
57 9994.16
58 9366.84
59 12217
60 17964.5
61 25918.7
62 37609.4
63 67526.3
64 741419
65 -75502.3
66 -38689.9
67 -32834.8
68 -38476.4
69 -51813.7
70 -66016.2
71 -72348
72 -64733.1
73 -49460.4
74 -39361
75 -38241.5
76 -46753.3
77 -61335.1
78 -60409.3
79 -44433.1
80 -34528.5
81 -33272
82 -40143.5
83 -57998.9
84 -88404.9
85 -107692
86 -104936
87 -117321
88 -163140
89 -165683
90 -93408.6
91 -59749.5
92 -54220.2
93 -61063.2
94 -71340.4
95 -80594.3
96 -86171
97 -87941.6
98 -94654.5
99 -110845
100 -122356
101 -134011
102 -218515
103 -686105
104 -288654
105 -94255.6
106 -61513.8
107 -65024.4
108 -100418
109 -202206
110 -322370
111 -199243
112 -96971.9
113 -60012.9
114 -50662
115 -56210.1
116 -66065
117 -57968.3
118 -41876.2
119 -34827.4
120 -38240.1
121 -52678.7
122 -68572.2
123 -68286.9
124 -62583.2
125 -56118.5
126 -46134
127 -36441.2
128 -30808.9
129 -29653.4
130 -31956.9
131 -37374
132 -54825.8
133 -458159
134 46711
135 20182.5
136 12803.5
137 10111
138 9951.28
139 11973.7
140 16764.4
141 28047.9
142 74797.6
143 -169543
144 -51337.5
145 -41717.3
146 -50562.1
147 -77726.6
148 -105613
149 -86912.8
150 -63043.3
151 -59647.3
152 -82094.7
153 -126592
154 -90917.6
155 -51780.1
156 -43147.3
157 -52012.2
158 -82467.9
159 -248555
160 126269
161 38213.1
162 20089.7
163 13416.9
164 10578.8
165 9809.66
166 11274.3
167 16477.2
168 31782.6
169 135553
170 -105422
171 -57945.5
172 -58943.2
173 -66312.6
174 -53501.2
175 -34147.7
176 -24244.2
177 -22286.5
178 -27035.3
179 -38955.6
180 -56649.5
181 -76510.5
182 -90496.8
183 -77708.1
184 -54314.6
185 -41616.9
186 -37636
187 -38876.1
188 -47719.9
189 -81656
190 -251452
191 -598889
192 -211263
193 -131319
194 -120699
195 -112746
196 -105940
197 -129271
198 -292872
199 873438
200 451469
201 -309434
202 -78719.9
203 -56908.4
204 -74390.9
205 -179073
206 -745508
207 -289530
208 -101751
209 -61258.2
210 -54442.7
211 -64422.3
212 -74787.1
213 -65938.7
214 -56018.5
215 -66803.6
216 -591848
217 48904.4
218 22059.6
219 14333
220 10546.9
221 9038.77
222 10458
223 16039.1
224 27594
225 47295.8
226 102513
227 -364208
228 -86994.5
229 -88007.4
230 -139722
231 -142608
232 -79206.6
233 -54633.5
234 -55057.2
235 -83765.1
236 -195099
237 -268929
238 -128062
239 -78895.2
240 -66262
241 -60208.8
242 -51187.2
243 -47124.5
244 -61969.1
245 -196386
246 464409
247 -353473
248 -56048.3
249 -31095.5
250 -28356.4
251 -36156.6
252 -50364.8
253 -49893.3
254 -36008.2
255 -28700.7
256 -30887.6
257 -43794.6
258 -61440.1
259 -60804.5
260 -50290.1
261 -46809.6
262 -53667.2
263 -68042.1
264 -69593.6
265 -55797.7
266 -49332.3
267 -56802.8
268 -80769
269 -102083
270 -82866.8
271 -60989
272 -58943.4
273 -89226.9
274 -262829
275 -1.04447e+06
276 -473748
277 -475092
278 -1.05051e+06
279 -265713
280 -92625.5
281 -64630.2
282 -72501.1
283 -119129
284 -352210
285 381623
286 97641.6
287 44918.4
288 25414.6
289 16507.8
290 11988.9
291 9940.2
292 9924.18
293 11966.9
294 16736.7
295 27894
296 72139.3
297 -229903
298 -66732.2
299 -71367
300 -241444
301 260694
302 574733
303 -131687
304 -66748.8
305 -67063.6
306 -103295
307 -230662
308 -1.06496e+06
309 561905
310 148275
311 57587.2
312 27528.6
313 15568.7
314 10470.2
315 9122.7
316 10979.7
317 16761.5
318 28786.3
319 50116
320 82904
321 176322
322 -380706
323 -81942.3
324 -50799.4
325 -46852.2
326 -57304.6
327 -66086.7
328 -47595.2
329 -32269.8
330 -29482.5
331 -36536.7
332 -51696.8
333 -67310.3
334 -74811.1
335 -71577.8
336 -64725.9
337 -72015
338 -190047
339 86505.1
340 26996.8
341 13963.7
342 9598.26
343 9493.23
344 12623.1
345 18199.2
346 26268
347 44870.2
348 189055
349 -130267
350 -83630.8
351 -95774.5
352 -119612
353 -171710
354 -8.51517e+06
355 130770
356 84740.2
357 124005
358 -3.75245e+06
359 -157969
360 -109228
361 -78003.4
362 -54360.4
363 -45295.5
364 -49639.2
365 -77623.7
366 -233137
367 3.63554e+07
368 -257074
369 -75447.4
370 -53219.5
371 -65773.8
372 -123080
373 -160109
374 -83555.6
375 -43576.5
376 -25510.3
377 -14710.3
378 -8466.14
379 -6930.09
380 -10682.9
381 -22438.9
382 -53155.8
383 -145435
384 -486860
385 -2.08319e+06
386 -1.20366e+07
387 -1.3349e+08
388 3.91911e+08
389 3.91911e+08
390 3.91911e+08
391 3.91911e+08
392 3.91911e+08
393 3.91911e+08
394 3.9191e+08
395 3.9191e+08
396 3.91911e+08
397 3.91911e+08
398 3.91911e+08
399 3.91909e+08
400 3.91911e+08
401 3.91911e+08
402 3.91912e+08
403 3.91911e+08
404 3.91911e+08
405 3.91911e+08
406 3.91911e+08
407 3.9191e+08
408 3.91911e+08
409 -1.33096e+08
410 -1.20106e+07
411 -2.08146e+06
412 -489753
413 -149985
414 -58890.8
415 -29421.8
416 -19095.6
417 -16997.1
418 -20714.6
419 -29788.2
420 -39991
421 -46435.5
422 -53750.3
423 -65216.8
424 -78586.8
425 -92166.7
426 -80471.7
427 -47319.6
428 -30271.2
429 -26357
430 -30508.3
431 -44363.7
432 -118153
433 86613.3
434 26962.2
435 15523.6
436 11655.2
437 11237.3
438 14239.5
439 22186.3
440 36079.8
441 53484.6
442 98176.1
443 -358557
444 -64862.9
445 -50443.5
446 -65657.1
447 -143780
448 8.57915e+06
449 358145
450 -1.14769e+06
451 -115286
452 -70669.6
453 -71112.1
454 -89408.2
455 -125062
456 -222625
457 -428477
458 -193624
459 -75831.2
460 -46477.7
461 -39034
462 -40507.4
463 -47568
464 -53718.3
465 -51268.8
466 -46759.3
467 -46430.8
468 -45728.5
469 -39576.3
470 -34914.6
471 -38331.1
472 -58563.8
473 -159409
474 1.34716e+06
475 1.52592e+06
476 -257473
477 -156983
478 -253407
479 404447
480 74531.3
481 32671.8
482 18537.3
483 12301.5
484 9490.39
485 9344.37
486 12735.7
487 24054.3
488 72928.4
489 899464
490 585981
491 252762
492 -265132
493 -42767.1
494 -19933.3
495 -12866.5
496 -10575
497 -11434.8
498 -16027
499 -27405.9
500 -55804.3
501 -134686
502 -358151
503 -811255
504 -1.1962e+06
505 -1.31513e+06
506 -1.33246e+06
507 -1.33246e+06
508 -1.33246e+06
509 -1.33246e+06
510 -1.33246e+06
511 -1.33246e+06
512 -1.33246e+06
513 -1.33246e+06
514 -1.33246e+06
515 -1.33246e+06
516 -1.33246e+06
517 -1.31481e+06
518 -1.19562e+06
519 -809905
520 -355310
521 -130797
522 -51395.9
523 -22940.3
524 -12175.9
525 -9305.02
526 -12245.6
527 -23493.4
528 -59350.9
529 -1.95264e+06
530 70240.1
531 31564.8
532 20031.1
533 15695.2
534 13875.4
535 12851.9
536 12747.4
537 14889.2
538 21684.3
539 40077.7
540 109020
541 -1.53826e+06
542 -263380
543 253706
544 37974.5
545 17107.3
546 12204.5
547 12797.3
548 19241.9
549 77795.8
550 -19564.2
551 -6127.17
552 -6681.43
553 -16805.4
554 -45622.4
555 -126123
556 -352464
557 -809096
558 -1.1958e+06
559 -1.31509e+06
560 -1.33246e+06
561 -1.33246e+06
562 -1.33246e+06
563 -1.33246e+06
564 -1.33246e+06
565 -1.33246e+06
566 -1.33246e+06
567 -1.33246e+06
568 -1.33245e+06
569 -1.33246e+06
570 -1.31478e+06
571 -1.19538e+06
572 -808633
573 -353336
574 -127165
575 -46404.1
576 -17132.9
577 -6356.95
578 -4802.76
579 -10890.5
580 -24747.4
581 -42183.4
582 -48843.4
583 -39933.5
584 -33051.4
585 -35368
586 -47748.9
587 -74480.5
588 -157604
589 -892046
590 -975174
591 -306206
592 515774
593 46175
594 18174.6
595 10461.4
596 8157.11
597 9266.52
598 14503.4
599 29757.7
600 130218
601 -128660
602 -127282
603 102759
604 27050.1
605 15431
606 10828.4
607 8680.92
608 9065.93
609 13464.7
610 28895.8
611 173095
612 -101018
613 -65281.6
614 -61965.4
615 -61349.3
616 -59441.7
617 -52391.4
618 -41118.5
619 -36662.2
620 -46549.1
621 -80469.9
622 -104336
623 -71849.7
624 -53813.7
625 -62911.8
626 -150510
627 -678086
628 -113643
629 -41479.9
630 -30304.6
631 -37344.6
632 -71743
633 -143626
634 -124253
635 -84966
636 -66412.6
637 -55733.1
638 -53256.7
639 -59322.4
640 -66382.4
641 -65768.9
642 -63204
643 -61605.8
644 -55770.2
645 -46626.5
646 -40667.8
647 -41257.8
648 -50334
649 -66010
650 -67429.5
651 -51504.7
652 -40421.5
653 -36512.4
654 -36621.8
655 -40883.1
656 -53375
657 -76592.3
658 -92507.5
659 -86417.2
660 -75009.8
661 -60138.7
662 -44436.2
663 -35409.5
664 -34784
665 -43775.2
666 -64406.8
667 -82770.7
668 -84915.1
669 -124203
670 163359
671 30714.7
672 15308.3
673 11142.3
674 10661
675 11982.9
676 14836.8
677 20591.9
678 33724
679 72099.5
680 388201
681 -180530
682 -86923.8
683 -68179.6
684 -63410.1
685 -58309
686 -51800.8
687 -49968.4
688 -57036.3
689 -78982.6
690 -198266
691 105885
692 29233.7
693 15251.8
694 11207.5
695 11019.1
696 13593
697 20501.5
698 40716.3
699 152118
700 -2.03086e+06
701 149133
702 37014.2
703 18349.2
704 12788.4
705 11900.4
706 14295.2
707 20859.4
708 35034.6
709 64820
710 155702
711 -371547
712 -81757.4
713 -58624.7
714 -75243.9
715 -154604
716 -172340
717 -78151.5
718 -46951.6
719 -41576.6
720 -52313
721 -91124.9
722 -219515
723 -802035
724 -1.10167e+07
725 -1.08876e+07
726 -798123
727 -218474
728 -90610.2
729 -51956.7
730 -41267.3
731 -46920.1
732 -83642
733 -367439
734 3.57067e+07
735 -178724
736 -65019.8
737 -43336.5
738 -38305.7
739 -37676.5
740 -36225.7
741 -34054.8
742 -36547.9
743 -53765.9
744 -107766
745 -115822
746 -53896.2
747 -29323
748 -21195.7
749 -19974.8
750 -23623.4
751 -32944.4
752 -50757.1
753 -74225.3
754 -75177.2
755 -56374.9
756 -45471.6
757 -45584.8
758 -57369
759 -82599.1
760 -102805
761 -96279.7
762 -82872.8
763 -70191.4
764 -59688.4
765 -59920.6
766 -86881
767 -188134
768 -188928
769 -86406.6
770 -59061.6
771 -62733.6
772 -96048.5
773 -195367
774 -412302
775 -402203
776 -182013
777 -84030.7
778 -49327.7
779 -38527.2
780 -40461.9
781 -55662.3
782 -89808.1
783 -114846
784 -81355.1
785 -49529.2
786 -36431.6
787 -35008.7
788 -44112.2
789 -67271.3
790 -95847.6
791 -103055
792 -102301
793 -120680
794 -365649
795 87910.5
796 26329.8
797 13125.1
798 8977.78
799 8823.4
800 11812
801 19307.7
802 43014.4
803 886218
804 -97202.4
805 -137308
806 95439
807 25298.8
808 14279.5
809 11704.5
810 12637.6
811 16280
812 23866.4
813 44410.6
814 454162
815 -62033
816 -41690.5
817 -53777.4
818 -108537
819 -194437
820 -154593
821 -146357
822 -321448
823 -1.56394e+06
824 -231967
825 -92208.1
826 -66091.4
827 -57094
828 -49444.8
829 -47187.9
830 -57111.2
831 -91683.3
832 -190067
833 -455426
834 -913612
835 -913083
836 -456684
837 -192634
838 -95418.6
839 -63796.4
840 -64893
841 -153135
842 133732
843 48697.3
844 31837.7
845 21985.8
846 14689.5
847 10559.1
848 9754.24
849 13140.3
850 27941.6
851 -2.98684e+06
852 -40107
853 -30768.7
854 -38693.5
855 -62214.4
856 -96595.7
857 -132324
858 -225796
859 -392576
860 -147214
861 -59008.8
862 -40706.5
863 -42438
864 -56088.7
865 -71697.9
866 -69225.7
867 -57740.5
868 -54568.4
869 -66756.3
870 -109534
871 -236215
872 -598147
873 -1.04593e+06
874 -615019
875 -247862
876 -116885
877 -72937.7
878 -64769.5
879 -89691.4
880 -180741
881 -149457
882 -62453.5
883 -37065.5
884 -31455.8
885 -36867.7
886 -61305.8
887 -136162
888 -136247
889 -62780.5
890 -39438.2
891 -34301.6
892 -36896
893 -44702
894 -54808.5
895 -61053.9
896 -62785.3
897 -65380.2
898 -66005
899 -58885
900 -52198.2
901 -51669.6
902 -51790.1
903 -47034.7
904 -43432.3
905 -44855.5
906 -47102.8
907 -45694.6
908 -46057.2
909 -54866.4
910 -69449.2
911 -67059.5
912 -50728.1
913 -40967.2
914 -38953.9
915 -41969.7
916 -48636.2
917 -62726.2
918 -107171
919 -319726
920 -715897
921 -240345
922 -118823
923 -75206
924 -51876.8
925 -43691.9
926 -52886
927 -95197
928 -139926
929 -94474.4
930 -75609.6
931 -103563
932 -245834
933 -249907
934 -103500
935 -75549.6
936 -103292
937 -232752
938 -184738
939 -74149.4
940 -49162.5
941 -56174.4
942 -198007
943 71466.7
944 27584.2
945 16611.8
946 12014.4
947 10389.8
948 11491.9
949 16414.7
950 29759.1
951 85571.1
952 -189621
953 -54438.1
954 -38553.6
955 -38331.6
956 -45991.8
957 -53725
958 -52840.1
959 -50135.6
960 -52991.1
961 -60131.7
962 -65596.5
963 -69761.6
964 -82417.2
965 -108606
966 -125683
967 -120917
968 -127651
969 -162362
970 -191438
971 -156050
972 -116886
973 -106926
974 -117566
975 -127350
976 -139599
977 -233967
978 -828424
979 -284741
980 -84937.9
981 -48858
982 -39667.1
983 -38483
984 -43233.9
985 -61096.6
986 -130940
987 1.01708e+06
988 96227.7
989 44953.7
990 27466.4
991 18877.1
992 13807.3
993 11389.3
994 11943
995 16472.6
996 28417.6
997 61266.3
998 217510
999 -297779
1000 -88178.6
1001 -50299.2
1002 -40188.4
1003 -45201.1
1004 -73241.8
1005 -144160
1006 -115326
1007 -54700.2
1008 -36886.6
1009 -34319.9
1010 -36498.3
1011 -37886.8
1012 -38083.9
1013 -40839.2
1014 -48692.8
1015 -54433.4
1016 -44063.1
1017 -32543.7
1018 -33584.3
1019 -91759
1020 54055.5
1021 22833.8
1022 17619.9
1023 15513.3
1024 13010.7
1025 11635.7
1026 13982.8
1027 25678.2
1028 114215
1029 -108652
1030 -71485.7
1031 -84626.1
1032 -87662.6
1033 -55785.9
1034 -33203.6
1035 -25481.6
1036 -27732.4
1037 -42974.7
1038 -88161.7
1039 -138111
1040 -94009.5
1041 -62142.2
1042 -50339.3
1043 -46310.1
1044 -47688.4
1045 -55742.5
1046 -68855.2
1047 -80294.6
1048 -90247.4
1049 -96912.1
1050 -81725.6
1051 -59668.1
1052 -51023.5
1053 -55982.8
1054 -67273.9
1055 -62262.2
1056 -44300.9
1057 -33188.8
1058 -29676.8
1059 -30860.4
1060 -34942.4
1061 -40782.9
1062 -47492.9
1063 -56442.9
1064 -73932.9
1065 -104832
1066 -123442
1067 -108730
1068 -89384.5
1069 -71199.6
1070 -55822.2
1071 -53604.9
1072 -111776
1073 76789.4
1074 25364.3
1075 16660.9
1076 13897.1
1077 12679.5
1078 12589.2
1079 14877.1
1080 22433.8
1081 46417.1
1082 227912
1083 -163066
1084 -77072.6
1085 -51283.4
1086 -39923.7
1087 -39304.6
1088 -52561.8
1089 -111617
1090 459184
1091 62562.2
1092 28044.7
1093 16371.9
1094 12115.7
1095 12196.3
1096 16948.8
1097 32553.1
1098 148457
1099 -99164.8
1100 -56546.6
1101 -59897.5
1102 -79589.4
1103 -94088.8
1104 -90046.6
1105 -86184.2
1106 -85336.3
1107 -81382.3
1108 -75774.7
1109 -71297.4
1110 -69919.5
1111 -77119.9
1112 -92968.1
1113 -93145.2
1114 -77546.9
1115 -70701.7
1116 -73382.3
1117 -82883.7
1118 -106813
1119 -172925
1120 -379377
1121 -1.18763e+06
1122 -2.79094e+06
1123 -888706
1124 -263727
1125 -107734
1126 -58102.6
1127 -40861.5
1128 -37190.5
1129 -40744.5
1130 -43514.7
1131 -37864.7
1132 -30415.7
1133 -27491.6
1134 -32464.9
1135 -68206.2
1136 283247
1137 97728.4
1138 262679
1139 -629198
1140 155097
1141 33754.1
1142 15427.3
1143 10085.2
1144 9804.85
1145 13435.8
1146 21942.3
1147 41912.4
1148 114650
1149 396050
1150 115638
1151 36810.1
1152 18542.7
1153 12866.4
1154 11786.5
1155 12859.8
1156 15221
1157 20410.2
1158 36235.6
1159 158782
1160 -108629
1161 -67712.3
1162 -91392
1163 -198533
1164 -195122
1165 -88330.6
1166 -60590.6
1167 -59965.8
1168 -68227.6
1169 -72040.4
1170 -66740.2
1171 -56032.7
1172 -45481.2
1173 -40925.8
1174 -43364
1175 -47021.2
1176 -43653.4
1177 -36277.1
1178 -31779.9
1179 -32553.8
1180 -38529.8
1181 -45648.4
1182 -49349.5
1183 -60502.8
1184 -156577
1185 125903
1186 47552.6
1187 31433.3
1188 22028.8
1189 15259
1190 11753.3
1191 11390
1192 13725
1193 18140.1
1194 24712.1
1195 38289
1196 94682.7
1197 -298489
1198 -95666.7
1199 -126612
1200 -3.8472e+06
1201 233869
1202 362354
1203 -316655
1204 -77391.5
1205 -38912.8
1206 -28193.6
1207 -29313.7
1208 -43314.7
1209 -70144.6
1210 -57350.8
1211 -33126.3
1212 -24845
1213 -24219.6
1214 -26306.1
1215 -27969.5
1216 -28323.9
1217 -29712
1218 -38208.7
1219 -83470.1
1220 359740
1221 109898
1222 350712
1223 -87132.7
1224 -39690.1
1225 -32184
1226 -37208.9
1227 -59383.2
1228 -105298
1229 -89284.1
1230 -54446.7
1231 -48470.5
1232 -64976.4
1233 -101180
1234 -101884
1235 -80816.7
1236 -103163
1237 -726547
1238 257431
1239 490377
1240 -328033
1241 -176061
1242 -461718
1243 238537
1244 300816
1245 -92054.6
1246 -29213.1
1247 -20274.4
1248 -26478
1249 -74994.8
1250 851661
1251 3.23469e+06
1252 -101097
1253 -48982.3
1254 -41650.5
1255 -51678
1256 -86575.9
1257 -157770
1258 -157665
1259 -86180.4
1260 -50795.3
1261 -39408.8
1262 -41167.2
1263 -55589.4
1264 -82477.6
1265 -91104.5
1266 -67542.4
1267 -50765.9
1268 -48179.1
1269 -52331.1
1270 -47715.9
1271 -37753
1272 -35161.5
1273 -42560.5
1274 -59263.2
1275 -67955.5
1276 -58785.2
1277 -57357.8
1278 -102281
1279 151085
1280 35428.3
1281 20054.6
1282 14844.6
1283 12194.5
1284 10639.4
1285 11143.7
1286 15667.4
1287 28625
1288 66304.3
1289 244092
1290 -1.07172e+06
1291 -8.34233e+07
1292 103898
1293 34448.9
1294 18302.8
1295 12806.4
1296 10908.1
1297 10431.7
1298 11290.2
1299 15423.3
1300 29258.5
1301 103639
1302 -207577
1303 -79743.1
1304 -56056.9
1305 -46604.5
1306 -43932.4
1307 -43742.6
1308 -43828.4
1309 -45809.1
1310 -50982.6
1311 -53147.7
1312 -45921.1
1313 -38306.5
1314 -37964.9
1315 -48372.1
1316 -72899
1317 -85474.2
1318 -56103.6
1319 -33372.7
1320 -25559
1321 -27769.3
1322 -42765.9
1323 -83960.4
1324 -112564
1325 -71007.8
1326 -47349.5
1327 -42277.3
1328 -54173.4
1329 -205449
1330 67280.2
1331 26516.6
1332 15749.3
1333 11131.6
1334 10221.4
1335 13358
1336 22723.9
1337 46666.7
1338 140459
1339 -390168
1340 -97033.6
1341 -61008.2
1342 -51957.7
1343 -53142.2
1344 -53564.2
1345 -45311.6
1346 -36283
1347 -32395
1348 -32745.5
1349 -35190.3
1350 -40258.5
1351 -51343.3
1352 -64123.5
1353 -57572.3
1354 -41848.2
1355 -34923.7
1356 -38718.9
1357 -55748.1
1358 -84078.4
1359 -105507
1360 -115816
1361 -106484
1362 -82510.4
1363 -67141.2
1364 -62294.6
1365 -57742.7
1366 -47308.2
1367 -38906.6
1368 -38579.1
1369 -50177.9
1370 -85110.9
1371 -156024
1372 -162852
1373 -95176
1374 -60618.7
